operation_type,data_size,number_of_operations,latency
GET,104857600,100,6.316326530612245
GET,104857600,1000,6.300736067297581
GET,104857600,10000,5.650723725613593
GET,104857600,100000,3.7615889359983847
GET,1073741824,100,8.887755102040817
GET,1073741824,1000,6.0
GET,1073741824,10000,5.169607744277504
GET,1073741824,100000,5.052995554301037
GET,10737418240,100,119.90816326530613
GET,10737418240,1000,105.386
GET,10737418240,10000,105.8662260939221
GET,10737418240,100000,95.12842128421285
PUT,104857600,100,4.020408163265306
PUT,104857600,1000,4.007049345417926
PUT,104857600,10000,3.9263495886012443
PUT,104857600,100000,3.9554505704377543
PUT,1073741824,100,3.979381443298969
PUT,1073741824,1000,4.135406218655968
PUT,1073741824,10000,3.991654936657953
PUT,1073741824,100000,4.048018568385515
PUT,10737418240,100,3.9494949494949494
PUT,10737418240,1000,3.8568548387096775
PUT,10737418240,10000,3.8436052366565963
PUT,10737418240,100000,4.047284728472848
SEEK,104857600,100,3.01010101010101
SEEK,104857600,1000,2.8944723618090453
SEEK,104857600,10000,2.543471705699065
SEEK,104857600,100000,3.6813305806869474
SEEK,1073741824,100,3.1020408163265305
SEEK,1073741824,1000,3.0311871227364184
SEEK,1073741824,10000,3.0054331421672202
SEEK,1073741824,100000,3.841679818704221
SEEK,10737418240,100,3.121212121212121
SEEK,10737418240,1000,4.947947947947948
SEEK,10737418240,10000,3.154656764351666
SEEK,10737418240,100000,3.843578064854189
