operation_type,data_size,number_of_operations,latency
GET,104857600,100,7.62
GET,104857600,1000,8.045
GET,104857600,10000,7.3747
GET,104857600,100000,4.03729
GET,1073741824,100,10.25
GET,1073741824,1000,6.158
GET,1073741824,10000,5.302
GET,1073741824,100000,5.18865
GET,10737418240,100,223.2
GET,10737418240,1000,105.386
GET,10737418240,10000,108.8953
GET,10737418240,100000,111.2715
PUT,104857600,100,4.17
PUT,104857600,1000,4.222
PUT,104857600,10000,4.1023
PUT,104857600,100000,4.09118
PUT,1073741824,100,4.86
PUT,1073741824,1000,4.357
PUT,1073741824,10000,4.1852
PUT,1073741824,100000,4.20989
PUT,10737418240,100,3.99
PUT,10737418240,1000,3.982
PUT,10737418240,10000,4.0065
PUT,10737418240,100000,4.30942
SEEK,104857600,100,3.64
SEEK,104857600,1000,2.964
SEEK,104857600,10000,2.6043
SEEK,104857600,100000,3.80785
SEEK,1073741824,100,3.38
SEEK,1073741824,1000,3.136
SEEK,1073741824,10000,3.0729
SEEK,1073741824,100000,3.96271
SEEK,10737418240,100,11.29
SEEK,10737418240,1000,5.301
SEEK,10737418240,10000,3.2547
SEEK,10737418240,100000,3.95567
